Chemical symbol	Name	Atomic Number	Atomic mass	Density at 20	Melting point	Boiling point	Quantity
Ag	Silver	47	1078682	10.49	961.9	2212	65
Al	Aluminium	13	26981539	2.7	660.5	2467	94
Ar	Argon	18	39948	1.66	-189.4	-185.9	26
As	Arsenic	33	7492159	5.72	613	613	73
Au	Gold	79	19696654	19.32	1064.4	2940	107
B	Boron	5	10811	2.46	2300	2550	90
Ba	Barium	56	137327	3.65	725	1640	77
Be	Beryllium	4	9012182	1.85	1278	2970	66
Bi	Bismuth	83	20898037	9.8	271.4	1560	22
Br	Bromine	35	79904	3.14	-7.3	58.8	73
C	Carbon	6	12011	3.51	3550	4827	57
Ca	Calcium	20	40078	1.54	839	1487	115
Cd	Cadmium	48	112411	8.64	321	765	54
Cl	Chlorine	17	354527	2.95	-34.6	-101	23
Co	Cobalt	27	589332	8.89	1495	2870	96
Cr	Chromium	24	519961	7.14	1857	2482	112
Cs	Caesium	55	13290543	1.9	28.4	690	52
Cu	Copper	29	63546	8.92	1083.5	2595	25
F	Fluorine	9	189984032	1.58	-219.6	-188.1	98
Fe	Iron	26	55847	7.87	1535	2750	59
H	Hydrogen	1	100794	0.084	-259.1	-252.9	93
He	Helium	2	4002602	0.17	-272.2	-268.9	107
Hg	Mercury	80	201	13.55	-38.9	356.6	64
I	Iodine	53	12690447	4.94	113.5	184.4	35
In	Indium	49	115	7.31	156.2	2080	90
Ir	Iridium	77	192	22.65	2410	4130	104
K	Potassium	19	390983	0.86	63.7	774	55
Kr	Krypton	36	84	3.48	-156.6	-152.3	73
Li	Lithium	3	6941	0.53	180.5	1317	89
Mg	Magnesium	12	24305	1.74	648.8	1107	24
Mn	Manganese	25	5493805	7.44	1244	2097	90
Mo	Molybdenum	42	96	10.28	2617	5560	110
N	Nitrogen	7	1400674	1.17	-209.9	-195.8	46
Na	Sodium	11	22989768	0.97	97.8	892	107
Nb	Niobium	41	9290638	8.58	2468	4927	90
Nd	Neodymium	60	144	7	1010	3127	57
Ne	Neon	10	201797	0.84	-248.7	-246.1	82
Ni	Nickel	28	59	8.91	1453	2732	73
O	Oxygen	8	159994	1.33	-218.4	-182.9	105
P	Phosphorus	15	30973762	1.82	44(P4)	280(P4)	41
Pa	Protactinium	91	2310359	15.37	1554	4030	102
Pb	Lead	82	207	11.34	327.5	1740	71
Pd	Palladium	46	106	12.02	1552	3140	114
Pm	Promethium	61	1469151	7.22	1080	2730	28
Po	Polonium	84	2089824	9.2	254	962	107
Pt	Platinum	78	195	21.45	1772	3827	25
Pu	Plutonium	94	2440642	19.74	641	3327	23
Ra	Radium	88	2260254	5.5	700	1140	95
Rb	Rubidium	37	854678	1.53	39	688	31
Re	Rhenium	75	186207	21.03	3180	5627	45
Rh	Rhodium	45	1029055	12.41	1966	3727	40
Rn	Radon	86	2220176	9.23	-71	-61.8	33
S	Sulphur	16	32066	2.06	113	444.7	30
Sc	Scandium	21	4495591	2.99	1539	2832	60
Se	Selenium	34	79	4.82	217	685	21
Si	Silicon	14	280855	2.33	1410	2355	72
Sn	Tin	50	119	7.29	232	2270	79
Sr	Strontium	38	88	2.63	769	1384	53
Te	Tellurium	52	128	6.25	449.6	990	115
Th	Thorium	90	2320381	11.72	1750	4787	58
Ti	Titanium	22	48	4.51	1660	3260	80
Zn	Zinc	30	65	7.14	419.6	907	52
Zr	Zirconium	40	91224	6.51	1852	4377	109
